{
  "generated_by": {
    "program": "augur",
    "version": "11.1.2"
  },
  "models": {
    "date": {
      "alphabet": [
        "1999",
        "2001",
        "2002",
        "2003",
        "2004",
        "2005",
        "2006",
        "2007",
        "2008",
        "2009",
        "2010",
        "2011",
        "2017",
        "2018",
        "2019",
        "?"
      ],
      "equilibrium_probabilities": [
        0.0668719841299702,
        0.0671643564499096,
        0.06716435644990942,
        0.06365938601882876,
        0.07052590715103682,
        0.06501361748553595,
        0.06331629369160441,
        0.06629663832646898,
        0.06415746946681669,
        0.06744130811835683,
        0.06913780382980719,
        0.07079539993660888,
        0.06673192645541888,
        0.06551779926745845,
        0.06620575322226896
      ],
      "rate": 275.81196280686294,
      "transition_matrix": [
        [
          0.0,
          1.0050429695883627,
          1.0050429695883705,
          0.974273501636689,
          1.1172769935606761,
          0.9823475738621128,
          0.9648425722882292,
          0.9665184949934527,
          0.9959462448947182,
          1.4329010017828174,
          1.0194626409588938,
          1.030952215859293,
          0.9638586172416289,
          1.0454162280226502,
          0.972956467314847
        ],
        [
          1.0050429695883627,
          0.0,
          1.4077463048736598,
          0.9744885138023542,
          1.117417021861503,
          0.9825727569445394,
          0.965029031348541,
          0.9667216445109317,
          0.996180557163354,
          1.02351172312758,
          1.0178222165329607,
          1.0314587693251254,
          0.9640433292642824,
          1.0462215364306422,
          0.9731597869942946
        ],
        [
          1.0050429695883705,
          1.4077463048736598,
          0.0,
          0.9744885138023552,
          1.1174170218615063,
          0.9825727569445402,
          0.9650290313485418,
          0.9667216445109321,
          0.9961805571633545,
          1.023511723127582,
          1.0178222165329642,
          1.0314587693251256,
          0.9640433292642835,
          1.0462215364306375,
          0.9731597869942958
        ],
        [
          0.974273501636689,
          0.9744885138023542,
          0.9744885138023552,
          0.0,
          1.5929762136354182,
          1.0114640813867908,
          0.9749397348066136,
          0.9758686905485161,
          1.0053020745954275,
          0.9867202418820734,
          1.0128564837814302,
          1.0395093471711825,
          0.9721349804333711,
          1.0127541018476038,
          0.9797279490343785
        ],
        [
          1.1172769935606761,
          1.117417021861503,
          1.1174170218615063,
          1.5929762136354182,
          0.0,
          1.2872651191021605,
          1.6496079531067225,
          1.1153247272747036,
          1.4497707677020402,
          1.2185146217739025,
          1.2776175871732771,
          1.2171124490274805,
          1.1117649460916978,
          1.2099645216322166,
          1.1237427695785998
        ],
        [
          0.9823475738621128,
          0.9825727569445394,
          0.9825727569445402,
          1.0114640813867908,
          1.2872651191021605,
          0.0,
          0.9834251128428586,
          0.9838711772805445,
          1.0147972718266371,
          0.9968208815368259,
          1.0250777423515,
          1.0507666747320383,
          0.9800791226970025,
          1.023361073419925,
          0.987891939542159
        ],
        [
          0.9648425722882292,
          0.965029031348541,
          0.9650290313485418,
          0.9749397348066136,
          1.6496079531067225,
          0.9834251128428586,
          0.0,
          0.9665025601720572,
          0.9950163880914703,
          0.9754616080107269,
          0.999822089449623,
          1.0276680621040744,
          0.9627783254243144,
          1.0014186161847247,
          0.9702863730071405
        ],
        [
          0.9665184949934527,
          0.9667216445109317,
          0.9667216445109321,
          0.9758686905485161,
          1.1153247272747036,
          0.9838711772805445,
          0.9665025601720572,
          0.0,
          0.9976033431800992,
          0.9769946097250279,
          1.0123599240205847,
          1.5817302054844007,
          0.9643287705012247,
          1.0046398984703813,
          0.972302260019298
        ],
        [
          0.9959462448947182,
          0.996180557163354,
          0.9961805571633545,
          1.0053020745954275,
          1.4497707677020402,
          1.0147972718266371,
          0.9950163880914703,
          0.9976033431800992,
          0.0,
          1.0163844214779998,
          1.0582019274256518,
          1.0762457629854705,
          0.9935802002479467,
          1.0645866824185088,
          1.001441571065205
        ],
        [
          1.4329010017828174,
          1.02351172312758,
          1.023511723127582,
          0.9867202418820734,
          1.2185146217739025,
          0.9968208815368259,
          0.9754616080107269,
          0.9769946097250279,
          1.0163844214779998,
          0.0,
          1.5278664280642993,
          1.046636955705344,
          0.9752427735584969,
          1.1047564851305514,
          0.985537912845414
        ],
        [
          1.0194626409588938,
          1.0178222165329607,
          1.0178222165329642,
          1.0128564837814302,
          1.2776175871732771,
          1.0250777423515,
          0.999822089449623,
          1.0123599240205847,
          1.0582019274256518,
          1.5278664280642993,
          0.0,
          1.2198989221706844,
          1.0287954604105602,
          1.53023205080614,
          1.0669067517791473
        ],
        [
          1.030952215859293,
          1.0314587693251254,
          1.0314587693251256,
          1.0395093471711825,
          1.2171124490274805,
          1.0507666747320383,
          1.0276680621040744,
          1.5817302054844007,
          1.0762457629854705,
          1.046636955705344,
          1.2198989221706844,
          0.0,
          1.028340468064144,
          1.0787088810810395,
          1.03725901077419
        ],
        [
          0.9638586172416289,
          0.9640433292642824,
          0.9640433292642835,
          0.9721349804333711,
          1.1117649460916978,
          0.9800791226970025,
          0.9627783254243144,
          0.9643287705012247,
          0.9935802002479467,
          0.9752427735584969,
          1.0287954604105602,
          1.028340468064144,
          0.0,
          1.5113626986056206,
          1.0075640660565146
        ],
        [
          1.0454162280226502,
          1.0462215364306422,
          1.0462215364306375,
          1.0127541018476038,
          1.2099645216322166,
          1.023361073419925,
          1.0014186161847247,
          1.0046398984703813,
          1.0645866824185088,
          1.1047564851305514,
          1.53023205080614,
          1.0787088810810395,
          1.5113626986056206,
          0.0,
          1.1883693418075896
        ],
        [
          0.972956467314847,
          0.9731597869942946,
          0.9731597869942958,
          0.9797279490343785,
          1.1237427695785998,
          0.987891939542159,
          0.9702863730071405,
          0.972302260019298,
          1.001441571065205,
          0.985537912845414,
          1.0669067517791473,
          1.03725901077419,
          1.0075640660565146,
          1.1883693418075896,
          0.0
        ]
      ]
    }
  },
  "nodes": {
    "7612-D1": {
      "date": "2004",
      "date_confidence": {
        "2003": 0.1565360710273818,
        "2004": 0.5068829513959656,
        "2005": 0.032664242836922305,
        "2006": 0.03010956049122146
      },
      "date_entropy": 1.8622268102293063
    },
    "7612-F10": {
      "date": "2004",
      "date_confidence": {
        "2004": 0.9999999999999999
      },
      "date_entropy": -9.99866855976916e-13
    },
    "7612-F6": {
      "date": "2004",
      "date_confidence": {
        "2004": 1.0
      },
      "date_entropy": -1.000088900581841e-12
    },
    "7612-G11": {
      "date": "2003",
      "date_confidence": {
        "2003": 1.0
      },
      "date_entropy": -1.000088900581841e-12
    },
    "7881-A10": {
      "date": "2018",
      "date_confidence": {
        "2018": 1.0
      },
      "date_entropy": -1.000088900581841e-12
    },
    "7881-D12": {
      "date": "2004",
      "date_confidence": {
        "2004": 1.0
      },
      "date_entropy": -1.000088900581841e-12
    },
    "7881-D9": {
      "date": "2018",
      "date_confidence": {
        "2018": 1.0
      },
      "date_entropy": -1.000088900581841e-12
    },
    "7881-G8": {
      "date": "2017",
      "date_confidence": {
        "2017": 1.0
      },
      "date_entropy": -1.000088900581841e-12
    },
    "7881-H5": {
      "date": "2019",
      "date_confidence": {
        "2019": 1.0
      },
      "date_entropy": -1.000088900581841e-12
    },
    "7885-A8": {
      "date": "2005",
      "date_confidence": {
        "2003": 0.07223540564592658,
        "2004": 0.2625878181063119,
        "2005": 0.27941504846680093,
        "2010": 0.0466259653910742
      },
      "date_entropy": 2.2179205546444716
    },
    "7885-B8": {
      "date": "2005",
      "date_confidence": {
        "2003": 0.050525676020105284,
        "2004": 0.10989695773617078,
        "2005": 0.3802594718143027,
        "2010": 0.044195272222053265
      },
      "date_entropy": 2.2590434475248213
    },
    "7885-B9": {
      "date": "2019",
      "date_confidence": {
        "2010": 0.08488105018248927,
        "2017": 0.059167350202744204,
        "2018": 0.16639949054411243,
        "2019": 0.414130418000226
      },
      "date_entropy": 2.0542171591961735
    },
    "7885-C1": {
      "date": "2005",
      "date_confidence": {
        "2005": 0.9999999999999999
      },
      "date_entropy": -9.99866855976916e-13
    },
    "7885-C8": {
      "date": "2004",
      "date_confidence": {
        "2003": 0.17203629601124593,
        "2004": 0.38945474914808764,
        "2005": 0.06830954249383586,
        "2010": 0.04386678614652306
      },
      "date_entropy": 2.136285533209572
    },
    "7885-C9": {
      "date": "2011",
      "date_confidence": {
        "2004": 0.051910957883526565,
        "2007": 0.07893547969584805,
        "2010": 0.07937502143179954,
        "2011": 0.3438099423534878
      },
      "date_entropy": 2.3501142429351343
    },
    "7885-D8": {
      "date": "2004",
      "date_confidence": {
        "2004": 0.20438929525458857,
        "2006": 0.05822085366467437,
        "2008": 0.08313122673595165,
        "2010": 0.05871471846636816
      },
      "date_entropy": 2.599592597371955
    },
    "7885-D9": {
      "date": "2011",
      "date_confidence": {
        "2004": 0.06173964689815967,
        "2007": 0.07292764880458728,
        "2010": 0.08997098378362715,
        "2011": 0.3215737307678376
      },
      "date_entropy": 2.3816144628779443
    },
    "7885-E8": {
      "date": "2004",
      "date_confidence": {
        "2004": 0.2271576933170241,
        "2006": 0.05668820203690372,
        "2008": 0.08526159843635644,
        "2010": 0.05692315053514609
      },
      "date_entropy": 2.566934828334117
    },
    "7885-E9": {
      "date": "2011",
      "date_confidence": {
        "2004": 0.05715023234174904,
        "2007": 0.07803404901940135,
        "2010": 0.07702134133776468,
        "2011": 0.2722666646913463
      },
      "date_entropy": 2.4911691030685055
    },
    "7885-F8": {
      "date": "2004",
      "date_confidence": {
        "2004": 0.27447435619079524,
        "2006": 0.05328418075506482,
        "2008": 0.08931490869294613,
        "2010": 0.05319197018572792
      },
      "date_entropy": 2.4891388811566832
    },
    "7885-F9": {
      "date": "2011",
      "date_confidence": {
        "2004": 0.05715023234174904,
        "2007": 0.07803404901940135,
        "2010": 0.07702134133776468,
        "2011": 0.2722666646913463
      },
      "date_entropy": 2.4911691030685055
    },
    "7885-G8": {
      "date": "2004",
      "date_confidence": {
        "2004": 0.23821794971684127,
        "2006": 0.05591683744976025,
        "2008": 0.08625069823503616,
        "2010": 0.0560518890115404
      },
      "date_entropy": 2.549913352759147
    },
    "7885-H8": {
      "date": "2004",
      "date_confidence": {
        "2004": 0.29156535652404336,
        "2006": 0.05199493236022291,
        "2008": 0.09067652272207286,
        "2010": 0.05184199979551867
      },
      "date_entropy": 2.4579738393990866
    },
    "MT_DQ832718.1": {
      "date": "2004",
      "date_confidence": {
        "2003": 0.025164681164001702,
        "2004": 0.6635745465544501,
        "2006": 0.06546637838679847,
        "2008": 0.023049926614707533
      },
      "date_entropy": 1.4983173720603828
    },
    "NODE_0000000": {
      "date": "2011",
      "date_confidence": {
        "2004": 0.007349067132393394,
        "2007": 0.08127875955796746,
        "2010": 0.07621436488695027,
        "2011": 0.7887314822292657
      },
      "date_entropy": 0.8757583078870816
    },
    "NODE_0000001": {
      "date": "2011",
      "date_confidence": {
        "2004": 0.0034905634671772126,
        "2007": 0.1558226161932489,
        "2010": 0.021146327857147047,
        "2011": 0.7967423676717735
      },
      "date_entropy": 0.7125438938636014
    },
    "NODE_0000002": {
      "date": "2011",
      "date_confidence": {
        "2004": 0.004027832088173781,
        "2007": 0.0277383647879629,
        "2010": 0.12723926295987686,
        "2011": 0.8147076927571867
      },
      "date_entropy": 0.7088454015315718
    },
    "NODE_0000003": {
      "date": "2010",
      "date_confidence": {
        "2007": 0.003194178150495044,
        "2010": 0.9215629147079663,
        "2011": 0.05799238466977396,
        "2018": 0.002307441099198006
      },
      "date_entropy": 0.3708777335475108
    },
    "NODE_0000004": {
      "date": "2011",
      "date_confidence": {
        "2004": 0.03438089418845695,
        "2007": 0.077860811260074,
        "2010": 0.0862912896310676,
        "2011": 0.57234223203378
      },
      "date_entropy": 1.7247606409166458
    },
    "NODE_0000005": {
      "date": "2011",
      "date_confidence": {
        "2004": 0.04459745366837852,
        "2007": 0.0790843985303939,
        "2010": 0.08240423190844308,
        "2011": 0.4408100147371266
      },
      "date_entropy": 2.1172537315206785
    },
    "NODE_0000006": {
      "date": "2011",
      "date_confidence": {
        "2004": 0.051910957883526475,
        "2007": 0.07893547969584803,
        "2010": 0.07937502143179959,
        "2011": 0.3438099423534878
      },
      "date_entropy": 2.3501142429351343
    },
    "NODE_0000007": {
      "date": "2011",
      "date_confidence": {
        "2007": 0.07136967241037868,
        "2008": 0.0587811970076612,
        "2010": 0.09672238211172396,
        "2011": 0.4106250850579483
      },
      "date_entropy": 2.163849772613627
    },
    "NODE_0000008": {
      "date": "2008",
      "date_confidence": {
        "2004": 0.1794406542696684,
        "2008": 0.19290231027720703,
        "2010": 0.16349011856892343,
        "2018": 0.16873922941895805
      },
      "date_entropy": 2.2362732711779834
    },
    "NODE_0000009": {
      "date": "2008",
      "date_confidence": {
        "2004": 0.17646989822984036,
        "2008": 0.36538327744407095,
        "2010": 0.0991174839113512,
        "2018": 0.10050871453421124
      },
      "date_entropy": 2.0823949170305704
    },
    "NODE_0000010": {
      "date": "2008",
      "date_confidence": {
        "2004": 0.18076901981706142,
        "2008": 0.5855473783509134,
        "2010": 0.043160441797054035,
        "2018": 0.042638526289368074
      },
      "date_entropy": 1.5237181822344035
    },
    "NODE_0000011": {
      "date": "2008",
      "date_confidence": {
        "2004": 0.30556687721239145,
        "2008": 0.39571930798463656,
        "2010": 0.040107790060457504,
        "2018": 0.03848695148803625
      },
      "date_entropy": 1.8417403266283217
    },
    "NODE_0000012": {
      "date": "2004",
      "date_confidence": {
        "2004": 0.4698163544007502,
        "2008": 0.24256301798168428,
        "2010": 0.0327455066471956,
        "2018": 0.030754052947666418
      },
      "date_entropy": 1.7883757305921042
    },
    "NODE_0000013": {
      "date": "2004",
      "date_confidence": {
        "2004": 0.6926083632757943,
        "2008": 0.11404335327304631,
        "2010": 0.01996126340339455,
        "2018": 0.018429303884040314
      },
      "date_entropy": 1.3130557865359291
    },
    "NODE_0000014": {
      "date": "2004",
      "date_confidence": {
        "2004": 0.511039999425772,
        "2006": 0.03361966226347031,
        "2008": 0.10500869831643929,
        "2010": 0.0344330288001408
      },
      "date_entropy": 1.9302410791569187
    },
    "NODE_0000015": {
      "date": "2004",
      "date_confidence": {
        "2004": 0.3825334844823032,
        "2006": 0.044728585293335295,
        "2008": 0.09722561285318217,
        "2010": 0.04464076482835135
      },
      "date_entropy": 2.2670912943603345
    },
    "NODE_0000016": {
      "date": "2004",
      "date_confidence": {
        "2004": 0.382533484482303,
        "2006": 0.04472858529333529,
        "2008": 0.09722561285318225,
        "2010": 0.04464076482835138
      },
      "date_entropy": 2.2670912943603354
    },
    "NODE_0000017": {
      "date": "2004",
      "date_confidence": {
        "2004": 0.291565356524043,
        "2006": 0.051994932360222935,
        "2008": 0.09067652272207294,
        "2010": 0.051841999795518734
      },
      "date_entropy": 2.457973839399087
    },
    "NODE_0000018": {
      "date": "2018",
      "date_confidence": {
        "2004": 0.1962445030376195,
        "2009": 0.1000352679126463,
        "2010": 0.23540996123263103,
        "2018": 0.26575674818363
      },
      "date_entropy": 1.9976691871704362
    },
    "NODE_0000019": {
      "date": "2018",
      "date_confidence": {
        "2004": 0.053572039028049724,
        "2009": 0.06538829969839263,
        "2010": 0.20361346815435546,
        "2018": 0.5659163282033575
      },
      "date_entropy": 1.481571430368714
    },
    "NODE_0000020": {
      "date": "2018",
      "date_confidence": {
        "1999": 0.035318430837473505,
        "2009": 0.08555913096859513,
        "2010": 0.2768377392462836,
        "2018": 0.4262200110604728
      },
      "date_entropy": 1.7307600193994113
    },
    "NODE_0000021": {
      "date": "2009",
      "date_confidence": {
        "1999": 0.13822502680511783,
        "2002": 0.1372835580739601,
        "2009": 0.19846752629902498,
        "2018": 0.16873775290703372
      },
      "date_entropy": 2.1364937539340785
    },
    "NODE_0000022": {
      "date": "2009",
      "date_confidence": {
        "1999": 0.35525703638447553,
        "2009": 0.42687129292483056,
        "2010": 0.039250074478863604,
        "2018": 0.04652981185464313
      },
      "date_entropy": 1.5332062782063398
    },
    "NODE_0000023": {
      "date": "2002",
      "date_confidence": {
        "2001": 0.38311512885854027,
        "2002": 0.3831151288585439,
        "2009": 0.053780856060260326,
        "2018": 0.04650911578605192
      },
      "date_entropy": 1.5773173447828055
    },
    "NODE_0000024": {
      "date": "2010",
      "date_confidence": {
        "2009": 0.03410576522513841,
        "2010": 0.43215372216998565,
        "2018": 0.37315430845497616,
        "2019": 0.043286408679769524
      },
      "date_entropy": 1.483165987024391
    },
    "NODE_0000025": {
      "date": "2018",
      "date_confidence": {
        "2010": 0.19015546615231116,
        "2017": 0.10805619281160148,
        "2018": 0.4521498733952582,
        "2019": 0.14907868247719272
      },
      "date_entropy": 1.6625260213547315
    },
    "NODE_0000026": {
      "date": "2018",
      "date_confidence": {
        "2010": 0.05623439052028361,
        "2017": 0.24520974038575835,
        "2018": 0.6060463037113142,
        "2019": 0.04148120612670561
      },
      "date_entropy": 1.2143678639147313
    },
    "NODE_0000027": {
      "date": "2019",
      "date_confidence": {
        "2010": 0.08984846018462453,
        "2017": 0.05521562159287253,
        "2018": 0.2021168599473688,
        "2019": 0.5262423847004291
      },
      "date_entropy": 1.6001637855079511
    },
    "NODE_0000028": {
      "date": "2004",
      "date_confidence": {
        "2004": 0.30625641351209604,
        "2009": 0.15620238270867434,
        "2010": 0.2881555469419611,
        "2018": 0.10829971180129888
      },
      "date_entropy": 1.848633977683478
    },
    "NODE_0000029": {
      "date": "2010",
      "date_confidence": {
        "2004": 0.08462920847043004,
        "2009": 0.3390811548535648,
        "2010": 0.47493945150837136,
        "2018": 0.03431123926331643
      },
      "date_entropy": 1.3842957947224102
    },
    "NODE_0000030": {
      "date": "2004",
      "date_confidence": {
        "2004": 0.6972540613599557,
        "2005": 0.040132296185411115,
        "2009": 0.04256464637333847,
        "2010": 0.0766093158563152
      },
      "date_entropy": 1.2864359435540762
    },
    "NODE_0000031": {
      "date": "2004",
      "date_confidence": {
        "2003": 0.00559799620256048,
        "2004": 0.9284816696645147,
        "2006": 0.03239445267343258,
        "2010": 0.008842647833750298
      },
      "date_entropy": 0.396182165470837
    },
    "NODE_0000032": {
      "date": "2004",
      "date_confidence": {
        "2003": 0.003537198345488613,
        "2004": 0.8528475095949132,
        "2006": 0.11933142344029254,
        "2010": 0.004083256848436086
      },
      "date_entropy": 0.5581895353748045
    },
    "NODE_0000033": {
      "date": "2004",
      "date_confidence": {
        "2003": 0.0038904195827770766,
        "2004": 0.9081869196601604,
        "2006": 0.05668608316223328,
        "2010": 0.003710496641178042
      },
      "date_entropy": 0.4570934360592557
    },
    "NODE_0000034": {
      "date": "2004",
      "date_confidence": {
        "2003": 0.10547197302631924,
        "2004": 0.5935031399351229,
        "2005": 0.11270355019502654,
        "2010": 0.04681585882981975
      },
      "date_entropy": 1.53528460110439
    },
    "NODE_0000035": {
      "date": "2005",
      "date_confidence": {
        "2003": 0.07216706565607289,
        "2004": 0.34125723407483066,
        "2005": 0.3477632377870157,
        "2010": 0.03816914650285046
      },
      "date_entropy": 1.846917567584232
    },
    "NODE_0000036": {
      "date": "2005",
      "date_confidence": {
        "2003": 0.03746923125908662,
        "2004": 0.15096235687743262,
        "2005": 0.6362416897097868,
        "2010": 0.022802798764467076
      },
      "date_entropy": 1.4333765439632677
    },
    "NODE_0000037": {
      "date": "2004",
      "date_confidence": {
        "2003": 0.21109634739991862,
        "2004": 0.5550237525941112,
        "2005": 0.06666890413942973,
        "2010": 0.030901182369249866
      },
      "date_entropy": 1.5353739890591929
    },
    "NODE_0000038": {
      "date": "2004",
      "date_confidence": {
        "2003": 0.34041396000682517,
        "2004": 0.5450926661595197,
        "2005": 0.026225871513170622,
        "2010": 0.013529289438630956
      },
      "date_entropy": 1.2221930698257635
    },
    "NODE_0000039": {
      "date": "2004",
      "date_confidence": {
        "2003": 0.18252345816733628,
        "2004": 0.698854419737967,
        "2005": 0.01805642707142066,
        "2010": 0.011859292650593729
      },
      "date_entropy": 1.1122735861108446
    },
    "NODE_0000040": {
      "date": "2004",
      "date_confidence": {
        "2003": 0.045475221811561675,
        "2004": 0.911454219932018,
        "2005": 0.005343392808746898,
        "2006": 0.0045988680966001635
      },
      "date_entropy": 0.4696047663299261
    },
    "Pram_06-0012_NA2": {
      "date": "2008",
      "date_confidence": {
        "2004": 0.2379254676574759,
        "2008": 0.3138845918022573,
        "2010": 0.04823302899063113,
        "2018": 0.04576105182696024
      },
      "date_entropy": 2.2081874971766395
    },
    "Pram_07-17204_NA2": {
      "date": "2008",
      "date_confidence": {
        "2004": 0.14642068321353482,
        "2008": 0.2905221322799641,
        "2010": 0.09168748802666804,
        "2018": 0.0913074899801475
      },
      "date_entropy": 2.347417873743017
    },
    "Pram_10-3885_NA2": {
      "date": "2004",
      "date_confidence": {
        "2004": 0.3537395719430979,
        "2008": 0.20005401224779149,
        "2010": 0.04325895092931784,
        "2018": 0.040364875597589264
      },
      "date_entropy": 2.1909849633089284
    },
    "Pram_P2111_EU2": {
      "date": "2007",
      "date_confidence": {
        "2007": 1.0
      },
      "date_entropy": -1.000088900581841e-12
    },
    "Pram_P2460_EU2": {
      "date": "2010",
      "date_confidence": {
        "2010": 1.0
      },
      "date_entropy": -1.000088900581841e-12
    },
    "Pram_P2461_EU2": {
      "date": "2010",
      "date_confidence": {
        "2010": 1.0
      },
      "date_entropy": -1.000088900581841e-12
    },
    "Pram_P2561_EU2": {
      "date": "2011",
      "date_confidence": {
        "2011": 1.0
      },
      "date_entropy": -1.000088900581841e-12
    },
    "Pram_P2586_EU2": {
      "date": "2011",
      "date_confidence": {
        "2011": 1.0
      },
      "date_entropy": -1.000088900581841e-12
    },
    "Pram_PR-01-018_EU1": {
      "date": "2001",
      "date_confidence": {
        "2001": 1.0
      },
      "date_entropy": -1.000088900581841e-12
    },
    "Pram_PR-08-028_EU1": {
      "date": "2002",
      "date_confidence": {
        "2002": 1.0
      },
      "date_entropy": -1.000088900581841e-12
    },
    "Pram_PR-09-054_NA2": {
      "date": "2008",
      "date_confidence": {
        "2008": 1.0
      },
      "date_entropy": -1.000088900581841e-12
    },
    "Pram_PR-09-150_EU1": {
      "date": "2009",
      "date_confidence": {
        "2009": 1.0
      },
      "date_entropy": -1.000088900581841e-12
    },
    "Pram_PR-10-145_EU1": {
      "date": "2010",
      "date_confidence": {
        "2010": 1.0
      },
      "date_entropy": -1.000088900581841e-12
    },
    "Pram_PR-99-002_EU1": {
      "date": "1999",
      "date_confidence": {
        "1999": 1.0
      },
      "date_entropy": -1.000088900581841e-12
    },
    "Pram_PR_05_166_NA2": {
      "date": "2004",
      "date_confidence": {
        "2004": 1.0
      },
      "date_entropy": -1.000088900581841e-12
    },
    "Pram_PR_06_016_NA1": {
      "date": "2006",
      "date_confidence": {
        "2006": 1.0
      },
      "date_entropy": -1.000088900581841e-12
    },
    "Pram_PR_07_135_NA1": {
      "date": "2004",
      "date_confidence": {
        "2004": 1.0
      },
      "date_entropy": -1.000088900581841e-12
    },
    "Pram_PR_09_126_NA1": {
      "date": "2009",
      "date_confidence": {
        "2009": 1.0
      },
      "date_entropy": -1.000088900581841e-12
    },
    "Pram_PR_10_103_NA1": {
      "date": "2010",
      "date_confidence": {
        "2010": 1.0
      },
      "date_entropy": -1.000088900581841e-12
    }
  }
}