{
  "generated_by": {
    "program": "augur",
    "version": "11.1.2"
  },
  "models": {
    "date": {
      "alphabet": [
        "1999",
        "2001",
        "2002",
        "2003",
        "2004",
        "2005",
        "2006",
        "2007",
        "2008",
        "2009",
        "2010",
        "2011",
        "2017",
        "2018",
        "2019",
        "?"
      ],
      "equilibrium_probabilities": [
        0.06735100722344171,
        0.06770272371484548,
        0.06622772501051974,
        0.06442019930054722,
        0.06783845729456921,
        0.06405805919436951,
        0.06483662521923679,
        0.06692418578882726,
        0.06549424959217194,
        0.06682451258630061,
        0.07322796031766764,
        0.06480263268142171,
        0.06763798710877901,
        0.06636334629510024,
        0.06629032867220193
      ],
      "rate": 360.16017988611725,
      "transition_matrix": [
        [
          0.0,
          0.9400032177746211,
          0.9767931521942391,
          0.9423179799224384,
          1.148128957994818,
          0.9429130171326072,
          0.9397691438752505,
          0.983404542081831,
          0.960348489472973,
          0.996067274764229,
          1.0248491195635132,
          0.9635246799469794,
          0.9347530853188184,
          1.369161998792843,
          0.989947157448505
        ],
        [
          0.9400032177746211,
          0.0,
          0.9420975996866049,
          0.9360433698567966,
          1.1262988570763819,
          0.936641390939023,
          0.9334909145609538,
          0.9763506076543864,
          0.9536535268530829,
          0.9555853128362408,
          0.985176530493518,
          0.956540451878989,
          0.9465884041796091,
          1.467413925408643,
          0.9556180065707216
        ],
        [
          0.9767931521942391,
          0.9420975996866049,
          0.0,
          0.969379539734912,
          1.4641471939069552,
          0.9473382429202089,
          0.9435499882734061,
          0.9869743269466063,
          0.9647515044277271,
          0.9939580978848476,
          1.4423255787938334,
          0.9688589281680103,
          0.9369768744487533,
          1.0971818377843652,
          0.9694162553347175
        ],
        [
          0.9423179799224384,
          0.9360433698567966,
          0.969379539734912,
          0.0,
          1.6370395581400148,
          0.9461047344589335,
          0.9377115100676314,
          0.9784830697445609,
          0.958153213696273,
          0.955471663747339,
          0.9876552396991191,
          0.9603812784076411,
          0.9313846459909783,
          0.9877586231402758,
          0.9587296332762507
        ],
        [
          1.148128957994818,
          1.1262988570763819,
          1.4641471939069552,
          1.6370395581400148,
          0.0,
          1.6824949938630234,
          1.5401040766720424,
          1.205255471909386,
          1.3499122660592395,
          1.4734943586384008,
          1.6336656347124112,
          1.5702407801233038,
          1.1194538070008715,
          1.2339434164500434,
          1.2897159747708333
        ],
        [
          0.9429130171326072,
          0.936641390939023,
          0.9473382429202089,
          0.9461047344589335,
          1.6824949938630234,
          0.0,
          0.9382941121955656,
          0.978944886593491,
          0.9586976155951787,
          0.9560044830550252,
          0.9882871800640578,
          0.9613568227687275,
          0.9320009900494776,
          0.9882166486057408,
          0.9597522970393413
        ],
        [
          0.9397691438752505,
          0.9334909145609538,
          0.9435499882734061,
          0.9377115100676314,
          1.5401040766720424,
          0.9382941121955656,
          0.0,
          0.9762874930464273,
          0.9556754272507134,
          0.9888692081293015,
          1.0652956313474642,
          0.9809359609391347,
          0.9288267412771835,
          0.9856819945847765,
          0.9558049114208794
        ],
        [
          0.983404542081831,
          0.9763506076543864,
          0.9869743269466063,
          0.9784830697445609,
          1.205255471909386,
          0.978944886593491,
          0.9762874930464273,
          0.0,
          0.9996524529996139,
          0.9969021960867492,
          1.1879284419863303,
          1.0579655438324733,
          0.9711531456844624,
          1.0357139536938265,
          1.00409372655405
        ],
        [
          0.960348489472973,
          0.9536535268530829,
          0.9647515044277271,
          0.958153213696273,
          1.3499122660592395,
          0.9586976155951787,
          0.9556754272507134,
          0.9996524529996139,
          0.0,
          0.9749833595461765,
          1.0120244990428644,
          0.9800849760403053,
          0.9487622093734865,
          1.0103731950465409,
          0.981919157873572
        ],
        [
          0.996067274764229,
          0.9555853128362408,
          0.9939580978848476,
          0.955471663747339,
          1.4734943586384008,
          0.9560044830550252,
          0.9888692081293015,
          0.9969021960867492,
          0.9749833595461765,
          0.0,
          1.0568892671659678,
          0.9817386791666878,
          0.9479940173494643,
          1.36427123237134,
          0.981090533068466
        ],
        [
          1.0248491195635132,
          0.985176530493518,
          1.4423255787938334,
          0.9876552396991191,
          1.6336656347124112,
          0.9882871800640578,
          1.0652956313474642,
          1.1879284419863303,
          1.0120244990428644,
          1.0568892671659678,
          0.0,
          2.231233608791085,
          0.9791080929076847,
          1.1608263895914124,
          1.023929250296759
        ],
        [
          0.9635246799469794,
          0.956540451878989,
          0.9688589281680103,
          0.9603812784076411,
          1.5702407801233038,
          0.9613568227687275,
          0.9809359609391347,
          1.0579655438324733,
          0.9800849760403053,
          0.9817386791666878,
          2.231233608791085,
          0.0,
          0.9516646214800487,
          1.011243683883621,
          0.9823400193341736
        ],
        [
          0.9347530853188184,
          0.9465884041796091,
          0.9369768744487533,
          0.9313846459909783,
          1.1194538070008715,
          0.9320009900494776,
          0.9288267412771835,
          0.9711531456844624,
          0.9487622093734865,
          0.9479940173494643,
          0.9791080929076847,
          0.9516646214800487,
          0.0,
          1.4908861525086354,
          0.950597648617835
        ],
        [
          1.369161998792843,
          1.467413925408643,
          1.0971818377843652,
          0.9877586231402758,
          1.2339434164500434,
          0.9882166486057408,
          0.9856819945847765,
          1.0357139536938265,
          1.0103731950465409,
          1.36427123237134,
          1.1608263895914124,
          1.011243683883621,
          1.4908861525086354,
          0.0,
          1.2282431369083524
        ],
        [
          0.989947157448505,
          0.9556180065707216,
          0.9694162553347175,
          0.9587296332762507,
          1.2897159747708333,
          0.9597522970393413,
          0.9558049114208794,
          1.00409372655405,
          0.981919157873572,
          0.981090533068466,
          1.023929250296759,
          0.9823400193341736,
          0.950597648617835,
          1.2282431369083524,
          0.0
        ]
      ]
    }
  },
  "nodes": {
    "7612-D1": {
      "date": "2002",
      "date_confidence": {
        "2002": 0.3662619534817194,
        "2003": 0.06412558220851348,
        "2004": 0.1894646604494181,
        "2010": 0.044663742021435526
      },
      "date_entropy": 2.168416144559962
    },
    "7612-D11": {
      "date": "2002",
      "date_confidence": {
        "2002": 0.9999999999999999
      },
      "date_entropy": -9.99866855976916e-13
    },
    "7612-F10": {
      "date": "2004",
      "date_confidence": {
        "2004": 1.0
      },
      "date_entropy": -1.000088900581841e-12
    },
    "7612-F6": {
      "date": "2004",
      "date_confidence": {
        "2004": 0.9999999999999999
      },
      "date_entropy": -9.99866855976916e-13
    },
    "7612-G11": {
      "date": "2003",
      "date_confidence": {
        "2003": 1.0
      },
      "date_entropy": -1.000088900581841e-12
    },
    "7881-A10": {
      "date": "2018",
      "date_confidence": {
        "2018": 0.9999999999999999
      },
      "date_entropy": -9.99866855976916e-13
    },
    "7881-A9": {
      "date": "2018",
      "date_confidence": {
        "2018": 1.0
      },
      "date_entropy": -1.000088900581841e-12
    },
    "7881-D12": {
      "date": "2004",
      "date_confidence": {
        "2004": 1.0
      },
      "date_entropy": -1.000088900581841e-12
    },
    "7881-D9": {
      "date": "2018",
      "date_confidence": {
        "2018": 1.0
      },
      "date_entropy": -1.000088900581841e-12
    },
    "7881-G8": {
      "date": "2017",
      "date_confidence": {
        "2017": 1.0
      },
      "date_entropy": -1.000088900581841e-12
    },
    "7881-H5": {
      "date": "2019",
      "date_confidence": {
        "2019": 1.0
      },
      "date_entropy": -1.000088900581841e-12
    },
    "7885-A8": {
      "date": "2004",
      "date_confidence": {
        "2002": 0.04779024632307558,
        "2003": 0.15758996660384234,
        "2004": 0.33801966605680783,
        "2005": 0.08742528399347961
      },
      "date_entropy": 2.2660105958223595
    },
    "7885-A9": {
      "date": "2018",
      "date_confidence": {
        "1999": 0.05693633316283333,
        "2001": 0.060339913642811986,
        "2009": 0.12739850555776527,
        "2018": 0.2735293815680387
      },
      "date_entropy": 2.452667348979801
    },
    "7885-B8": {
      "date": "2004",
      "date_confidence": {
        "2004": 0.25769601797431474,
        "2005": 0.06597696684639633,
        "2018": 0.07020495689686469,
        "2019": 0.11933606774099688
      },
      "date_entropy": 2.478199536790706
    },
    "7885-B9": {
      "date": "2018",
      "date_confidence": {
        "1999": 0.05693633316283333,
        "2001": 0.060339913642811986,
        "2009": 0.12739850555776527,
        "2018": 0.2735293815680387
      },
      "date_entropy": 2.452667348979801
    },
    "7885-C1": {
      "date": "2005",
      "date_confidence": {
        "2005": 1.0
      },
      "date_entropy": -1.000088900581841e-12
    },
    "7885-C8": {
      "date": "2004",
      "date_confidence": {
        "2003": 0.04472267630622495,
        "2004": 0.3861548368275892,
        "2005": 0.17242741999986894,
        "2010": 0.04208946856418157
      },
      "date_entropy": 2.159637279296689
    },
    "7885-C9": {
      "date": "2007",
      "date_confidence": {
        "2004": 0.05736709323012051,
        "2007": 0.236003262091115,
        "2010": 0.09376321528391186,
        "2011": 0.07276025743106458
      },
      "date_entropy": 2.545001428349345
    },
    "7885-D8": {
      "date": "2004",
      "date_confidence": {
        "2004": 0.1336046291707578,
        "2008": 0.09178969341584897,
        "2010": 0.06964210826417709,
        "2019": 0.09777648844151157
      },
      "date_entropy": 2.6575107797499444
    },
    "7885-D9": {
      "date": "2010",
      "date_confidence": {
        "2004": 0.061561111963327544,
        "2007": 0.15952584500087644,
        "2010": 0.18025905112087667,
        "2011": 0.12112085879454869
      },
      "date_entropy": 2.5249599771294045
    },
    "7885-E8": {
      "date": "2004",
      "date_confidence": {
        "2004": 0.1516718814441183,
        "2008": 0.11543063508538243,
        "2010": 0.06617388960541526,
        "2019": 0.07962451431729664
      },
      "date_entropy": 2.6358443955463144
    },
    "7885-E9": {
      "date": "2007",
      "date_confidence": {
        "2004": 0.05736709323012051,
        "2007": 0.236003262091115,
        "2010": 0.09376321528391186,
        "2011": 0.07276025743106458
      },
      "date_entropy": 2.545001428349345
    },
    "7885-F8": {
      "date": "2004",
      "date_confidence": {
        "2004": 0.18779173404020072,
        "2008": 0.1464455167958905,
        "2010": 0.060775466707999506,
        "2019": 0.06388022984146514
      },
      "date_entropy": 2.5704475544736223
    },
    "7885-F9": {
      "date": "2007",
      "date_confidence": {
        "2004": 0.051326712174065925,
        "2007": 0.3112739182664995,
        "2010": 0.10377955573627717,
        "2011": 0.07550295391582092
      },
      "date_entropy": 2.4018052616040038
    },
    "7885-G8": {
      "date": "2004",
      "date_confidence": {
        "2004": 0.2669441508589726,
        "2005": 0.05216880414322565,
        "2008": 0.09201339989660196,
        "2010": 0.05904243656143099
      },
      "date_entropy": 2.4994435675573317
    },
    "7885-H8": {
      "date": "2004",
      "date_confidence": {
        "2004": 0.2669441508589726,
        "2005": 0.05216880414322565,
        "2008": 0.09201339989660196,
        "2010": 0.05904243656143099
      },
      "date_entropy": 2.4994435675573317
    },
    "MT_DQ832718.1": {
      "date": "2009",
      "date_confidence": {
        "2004": 0.17182933830432653,
        "2006": 0.062182152891661506,
        "2009": 0.3732106768172057,
        "2010": 0.048805339912979695
      },
      "date_entropy": 2.1814092343358924
    },
    "NODE_0000000": {
      "date": "2010",
      "date_confidence": {
        "2004": 0.03388467142444919,
        "2007": 0.26977761953579343,
        "2010": 0.3235339255598898,
        "2011": 0.17999399110068054
      },
      "date_entropy": 1.9198754388240318
    },
    "NODE_0000001": {
      "date": "2007",
      "date_confidence": {
        "2004": 0.02632020112954451,
        "2007": 0.577293882207808,
        "2010": 0.14140366431820112,
        "2011": 0.08360489303641871
      },
      "date_entropy": 1.609640685490316
    },
    "NODE_0000002": {
      "date": "2007",
      "date_confidence": {
        "2004": 0.04170339100912546,
        "2007": 0.42006114672932154,
        "2010": 0.11880371073056914,
        "2011": 0.07906408876355941
      },
      "date_entropy": 2.133243983727752
    },
    "NODE_0000003": {
      "date": "2007",
      "date_confidence": {
        "2004": 0.05132671217406586,
        "2007": 0.31127391826649964,
        "2010": 0.10377955573627716,
        "2011": 0.07550295391582093
      },
      "date_entropy": 2.4018052616040038
    },
    "NODE_0000004": {
      "date": "2010",
      "date_confidence": {
        "2004": 0.013063620786240704,
        "2007": 0.049827696417290845,
        "2010": 0.5785430498878115,
        "2011": 0.30120545035603924
      },
      "date_entropy": 1.1851612961132882
    },
    "NODE_0000005": {
      "date": "2011",
      "date_confidence": {
        "2004": 0.002822280848505936,
        "2007": 0.004168302182785567,
        "2010": 0.2688651140647764,
        "2011": 0.7140870459809102
      },
      "date_entropy": 0.7033178119537962
    },
    "NODE_0000006": {
      "date": "2011",
      "date_confidence": {
        "2004": 0.002176708894741027,
        "2007": 0.0014893955737752705,
        "2010": 0.2935319773066098,
        "2011": 0.6952757323332962
      },
      "date_entropy": 0.690299050345905
    },
    "NODE_0000007": {
      "date": "2010",
      "date_confidence": {
        "2004": 0.05654309757040155,
        "2007": 0.19994531830115264,
        "2010": 0.23454139151596562,
        "2011": 0.14397689907784925
      },
      "date_entropy": 2.341668165861378
    },
    "NODE_0000008": {
      "date": "2019",
      "date_confidence": {
        "2004": 0.18161097109742155,
        "2010": 0.07237874788376371,
        "2018": 0.0989609112785139,
        "2019": 0.18853845786638038
      },
      "date_entropy": 2.4899222778624552
    },
    "NODE_0000009": {
      "date": "2004",
      "date_confidence": {
        "2004": 0.16883737120653353,
        "2008": 0.0747505739496148,
        "2018": 0.08234334861434824,
        "2019": 0.1440441222184399
      },
      "date_entropy": 2.5773912566017874
    },
    "NODE_0000010": {
      "date": "2004",
      "date_confidence": {
        "2004": 0.1763757118778063,
        "2008": 0.10223504841385374,
        "2018": 0.06938168052875013,
        "2019": 0.1108551938654833
      },
      "date_entropy": 2.5929911933149232
    },
    "NODE_0000011": {
      "date": "2004",
      "date_confidence": {
        "2004": 0.2061178692331605,
        "2008": 0.13589339080775206,
        "2010": 0.060974318382733615,
        "2019": 0.08456027258190581
      },
      "date_entropy": 2.544950190408815
    },
    "NODE_0000012": {
      "date": "2004",
      "date_confidence": {
        "2004": 0.2656809598656435,
        "2008": 0.1798686643021006,
        "2010": 0.052151900507166685,
        "2019": 0.061526253079708215
      },
      "date_entropy": 2.402778448987688
    },
    "NODE_0000013": {
      "date": "2004",
      "date_confidence": {
        "2004": 0.37036269815487305,
        "2008": 0.23941755225798605,
        "2010": 0.03786644240542265,
        "2019": 0.03836864787930377
      },
      "date_entropy": 2.074427217822729
    },
    "NODE_0000014": {
      "date": "2008",
      "date_confidence": {
        "2004": 0.20070001791151817,
        "2008": 0.42225403852787785,
        "2010": 0.035784793015719026,
        "2019": 0.03315635367039362
      },
      "date_entropy": 2.0192800552554573
    },
    "NODE_0000015": {
      "date": "2008",
      "date_confidence": {
        "2004": 0.08699894338165323,
        "2008": 0.6653873218501434,
        "2010": 0.02313865176136763,
        "2019": 0.020636215466691758
      },
      "date_entropy": 1.4634439005507403
    },
    "NODE_0000016": {
      "date": "2004",
      "date_confidence": {
        "2004": 0.6091444386797389,
        "2008": 0.11159433279067908,
        "2010": 0.027544519360087113,
        "2019": 0.024340201431299474
      },
      "date_entropy": 1.6166758344793843
    },
    "NODE_0000017": {
      "date": "2004",
      "date_confidence": {
        "2004": 0.39606382461740913,
        "2005": 0.04183273790232793,
        "2008": 0.10078476354365322,
        "2010": 0.04758599051292202
      },
      "date_entropy": 2.231847095029895
    },
    "NODE_0000018": {
      "date": "2019",
      "date_confidence": {
        "2004": 0.22102137128589522,
        "2010": 0.05062253015451467,
        "2018": 0.12871799269729559,
        "2019": 0.26279515759212196
      },
      "date_entropy": 2.262091847043799
    },
    "NODE_0000019": {
      "date": "2019",
      "date_confidence": {
        "1999": 0.05619402214202605,
        "2004": 0.08051681631908603,
        "2018": 0.21978706299801326,
        "2019": 0.45968774792927464
      },
      "date_entropy": 1.8008493668229446
    },
    "NODE_0000020": {
      "date": "2018",
      "date_confidence": {
        "1999": 0.12865873002535796,
        "2004": 0.031179674795388048,
        "2018": 0.5671734007202233,
        "2019": 0.12734391481781193
      },
      "date_entropy": 1.5669909611452877
    },
    "NODE_0000021": {
      "date": "1999",
      "date_confidence": {
        "1999": 0.3558981102707735,
        "2009": 0.05831213014636362,
        "2018": 0.34971355625963024,
        "2019": 0.049202520645801585
      },
      "date_entropy": 1.7552179184389656
    },
    "NODE_0000022": {
      "date": "2018",
      "date_confidence": {
        "1999": 0.14653363456689253,
        "2009": 0.1567763620510648,
        "2010": 0.1291103694175714,
        "2018": 0.3030759671217865
      },
      "date_entropy": 2.0426266992311306
    },
    "NODE_0000023": {
      "date": "2010",
      "date_confidence": {
        "2002": 0.36401491901465366,
        "2009": 0.0440268949380597,
        "2010": 0.3689920390931299,
        "2018": 0.08260818699083886
      },
      "date_entropy": 1.6608937384607523
    },
    "NODE_0000024": {
      "date": "2009",
      "date_confidence": {
        "1999": 0.05857913540774413,
        "2009": 0.38592404871085395,
        "2010": 0.049233661293880404,
        "2018": 0.34065277196504096
      },
      "date_entropy": 1.7107710076811917
    },
    "NODE_0000025": {
      "date": "2018",
      "date_confidence": {
        "1999": 0.03713064923124891,
        "2001": 0.04155372750886277,
        "2009": 0.1876589871674338,
        "2018": 0.5469927548293201
      },
      "date_entropy": 1.6431024636293685
    },
    "NODE_0000026": {
      "date": "2018",
      "date_confidence": {
        "1999": 0.04943669030156554,
        "2001": 0.05341758421091782,
        "2009": 0.15246918754458627,
        "2018": 0.38184304474425
      },
      "date_entropy": 2.1904916871812214
    },
    "NODE_0000027": {
      "date": "2018",
      "date_confidence": {
        "2001": 0.05596045037977269,
        "2009": 0.0297603849568273,
        "2017": 0.01869515746914826,
        "2018": 0.8487790766246736
      },
      "date_entropy": 0.7317932331573318
    },
    "NODE_0000028": {
      "date": "2018",
      "date_confidence": {
        "2001": 0.16125453706833978,
        "2009": 0.0118208365247791,
        "2017": 0.04729037934426415,
        "2018": 0.7412748918306656
      },
      "date_entropy": 0.9288026646725351
    },
    "NODE_0000029": {
      "date": "2018",
      "date_confidence": {
        "2001": 0.04539514326236442,
        "2009": 0.0053144085273157116,
        "2017": 0.13655162430248172,
        "2018": 0.7831023589511179
      },
      "date_entropy": 0.8062432365809471
    },
    "NODE_0000030": {
      "date": "2004",
      "date_confidence": {
        "2004": 0.38078014528155246,
        "2005": 0.06185874015528204,
        "2018": 0.07205793264557758,
        "2019": 0.14049514653328188
      },
      "date_entropy": 2.1795281708360523
    },
    "NODE_0000031": {
      "date": "2004",
      "date_confidence": {
        "2003": 0.040022406578730865,
        "2004": 0.6380206365384744,
        "2005": 0.07753443164262692,
        "2011": 0.056106306327513324
      },
      "date_entropy": 1.5099171536281912
    },
    "NODE_0000032": {
      "date": "2004",
      "date_confidence": {
        "2004": 0.7537548149632186,
        "2005": 0.02389329591190885,
        "2010": 0.04721620295204128,
        "2011": 0.09230788316045568
      },
      "date_entropy": 1.0638936640308334
    },
    "NODE_0000033": {
      "date": "2004",
      "date_confidence": {
        "2004": 0.3716356760560682,
        "2006": 0.030846428911613096,
        "2010": 0.15709344000135378,
        "2011": 0.36482846209291503
      },
      "date_entropy": 1.5073834637027752
    },
    "NODE_0000034": {
      "date": "2010",
      "date_confidence": {
        "2004": 0.2897298610339319,
        "2006": 0.0877204505138547,
        "2010": 0.39240287135592744,
        "2011": 0.14775793407161444
      },
      "date_entropy": 1.6192378404298269
    },
    "NODE_0000035": {
      "date": "2004",
      "date_confidence": {
        "2004": 0.3544995609332453,
        "2006": 0.3230861369125067,
        "2010": 0.1372424737502974,
        "2011": 0.05668402907523549
      },
      "date_entropy": 1.6991907469627587
    },
    "NODE_0000036": {
      "date": "2004",
      "date_confidence": {
        "2004": 0.5813851699879345,
        "2006": 0.11707187264153254,
        "2009": 0.13718581914168387,
        "2010": 0.05460819862119579
      },
      "date_entropy": 1.4918584295376174
    },
    "NODE_0000037": {
      "date": "2009",
      "date_confidence": {
        "2004": 0.2378873938774557,
        "2006": 0.05854754910720934,
        "2009": 0.5111433855980323,
        "2010": 0.03488321350329522
      },
      "date_entropy": 1.6340892869490098
    },
    "NODE_0000038": {
      "date": "2004",
      "date_confidence": {
        "2003": 0.07535061449700886,
        "2004": 0.5960651787036558,
        "2005": 0.15810466620599634,
        "2011": 0.02916598800739443
      },
      "date_entropy": 1.5021226485289039
    },
    "NODE_0000039": {
      "date": "2004",
      "date_confidence": {
        "2003": 0.03271503658993308,
        "2004": 0.49767505286918545,
        "2005": 0.3553726854095778,
        "2011": 0.01551454333793513
      },
      "date_entropy": 1.3532573658038856
    },
    "NODE_0000040": {
      "date": "2004",
      "date_confidence": {
        "2003": 0.028477124867974254,
        "2004": 0.5911276721635264,
        "2005": 0.21154589646620853,
        "2010": 0.019841155331289415
      },
      "date_entropy": 1.457651870486858
    },
    "NODE_0000041": {
      "date": "2004",
      "date_confidence": {
        "2002": 0.03509326969636632,
        "2003": 0.19163660253660228,
        "2004": 0.5115399270174251,
        "2005": 0.09071055146443457
      },
      "date_entropy": 1.7003969945121076
    },
    "NODE_0000042": {
      "date": "2004",
      "date_confidence": {
        "2002": 0.047826949821179465,
        "2003": 0.3375856109550179,
        "2004": 0.4868707359475084,
        "2005": 0.033574960117463
      },
      "date_entropy": 1.4215895658159154
    },
    "NODE_0000043": {
      "date": "2004",
      "date_confidence": {
        "2002": 0.11782002149194655,
        "2003": 0.12204043260772954,
        "2004": 0.6587803459399023,
        "2005": 0.01691597521147191
      },
      "date_entropy": 1.2611254202791766
    },
    "NODE_0000044": {
      "date": "2002",
      "date_confidence": {
        "2002": 0.5012643189868381,
        "2003": 0.060916729348564284,
        "2004": 0.2670239151805325,
        "2010": 0.02336404648849134
      },
      "date_entropy": 1.5915078308406028
    },
    "Pram_06-0012_NA2": {
      "date": "2008",
      "date_confidence": {
        "2004": 0.14823071640844157,
        "2008": 0.31516485476273404,
        "2010": 0.048924268951490296,
        "2019": 0.043826590882706386
      },
      "date_entropy": 2.3560850265447897
    },
    "Pram_07-17204_NA2": {
      "date": "2004",
      "date_confidence": {
        "2004": 0.1289736483983932,
        "2008": 0.0725903973256346,
        "2018": 0.07679351236441351,
        "2019": 0.12082912046798419
      },
      "date_entropy": 2.649334950888763
    },
    "Pram_10-3885_NA2": {
      "date": "2008",
      "date_confidence": {
        "2004": 0.07909617657582914,
        "2008": 0.4841310344393004,
        "2010": 0.03910601145456404,
        "2019": 0.034564805149091944
      },
      "date_entropy": 2.033381993370905
    },
    "Pram_P2111_EU2": {
      "date": "2007",
      "date_confidence": {
        "2007": 0.9999999999999999
      },
      "date_entropy": -9.99866855976916e-13
    },
    "Pram_P2460_EU2": {
      "date": "2010",
      "date_confidence": {
        "2010": 1.0
      },
      "date_entropy": -1.000088900581841e-12
    },
    "Pram_P2461_EU2": {
      "date": "2010",
      "date_confidence": {
        "2010": 1.0
      },
      "date_entropy": -1.000088900581841e-12
    },
    "Pram_P2561_EU2": {
      "date": "2011",
      "date_confidence": {
        "2011": 1.0
      },
      "date_entropy": -1.000088900581841e-12
    },
    "Pram_P2586_EU2": {
      "date": "2011",
      "date_confidence": {
        "2011": 1.0
      },
      "date_entropy": -1.000088900581841e-12
    },
    "Pram_PR-01-018_EU1": {
      "date": "2001",
      "date_confidence": {
        "2001": 1.0
      },
      "date_entropy": -1.000088900581841e-12
    },
    "Pram_PR-08-028_EU1": {
      "date": "2002",
      "date_confidence": {
        "2002": 1.0
      },
      "date_entropy": -1.000088900581841e-12
    },
    "Pram_PR-09-054_NA2": {
      "date": "2008",
      "date_confidence": {
        "2008": 1.0
      },
      "date_entropy": -1.000088900581841e-12
    },
    "Pram_PR-09-150_EU1": {
      "date": "2009",
      "date_confidence": {
        "2009": 1.0
      },
      "date_entropy": -1.000088900581841e-12
    },
    "Pram_PR-10-145_EU1": {
      "date": "2010",
      "date_confidence": {
        "2010": 1.0
      },
      "date_entropy": -1.000088900581841e-12
    },
    "Pram_PR-99-002_EU1": {
      "date": "1999",
      "date_confidence": {
        "1999": 1.0
      },
      "date_entropy": -1.000088900581841e-12
    },
    "Pram_PR_05_166_NA2": {
      "date": "2004",
      "date_confidence": {
        "2004": 1.0
      },
      "date_entropy": -1.000088900581841e-12
    },
    "Pram_PR_06_016_NA1": {
      "date": "2006",
      "date_confidence": {
        "2006": 1.0
      },
      "date_entropy": -1.000088900581841e-12
    },
    "Pram_PR_07_135_NA1": {
      "date": "2004",
      "date_confidence": {
        "2004": 1.0
      },
      "date_entropy": -1.000088900581841e-12
    },
    "Pram_PR_09_126_NA1": {
      "date": "2009",
      "date_confidence": {
        "2009": 1.0
      },
      "date_entropy": -1.000088900581841e-12
    },
    "Pram_PR_10_103_NA1": {
      "date": "2010",
      "date_confidence": {
        "2010": 1.0
      },
      "date_entropy": -1.000088900581841e-12
    },
    "Pram_PR_11_004_NA1": {
      "date": "2011",
      "date_confidence": {
        "2011": 0.9999999999999999
      },
      "date_entropy": -9.99866855976916e-13
    }
  }
}